id
1070534805593427968
1141314823524933632
1268082098545610752
1742566859424030720
1762478441448853504
317424950
4832593980556443648
4893180928207224832
4931247367098859520
5011313120761741312
5050821573532057600
5075547471413903360
5122374473466642432
5126096445073653760
5164529450972479488
5224854783235588096
5231602896931520512
5241377441238351872
5291919229354901504
5297315163337261056
5359830999213670400
5394108808589082624
5555884658085986304
5563766817396228096
5578312647536934912
5590162707232980992
5653262010834616320
5729519306283286528
5744053237447786496
5822263188959395840
5858807611528445952
5886499981501792256
6023056986000719872
6040939123898974208
6061765884156968960
6109098616465522688
6111734608590667776
6168065721839517696
6199088341732950016
6205316555031576576
6226579073343291392
6234206404014637056
6295139183199649792
6352755565650903040
6369979253391491072
6385417872042229760
6386490288797515776
6444331257768837120
6468892738044690432
6473281363750551552
6520108814145028096
6571755002350665728
6709818545573855232
6710251204850614272
6803042305751252992
6815918654027333632
6908420876660768768
6932503574199009280
6964447380917846016
7037105595832467456
7102057614531493888
7105081136489037824
7130885860404363264
7156320732719480832
